5.96166 1.11334 0.0674406
6.37409 0.884328 0.059283
7.69354 0.352086 0.0193068
8.10565 0.233222 0.0126349
8.35296 0.187525 0.0113579
9.7748 0.0471276 0.0028544
10.0836 0.0290322 0.00211066
10.165 0.015848 0.00115216
10.4952 0.0147344 0.00134789
10.701 0.0102458 0.000993842
11.0927 0.00775362 0.000846576
11.1951 0.00495385 0.000480525
11.6078 0.00477583 0.000405202
11.9785 0.00280289 0.000340167
12.4114 0.0020208 0.000506892
12.7415 0.00190168 0.000482823
12.8028 0.00132249 0.000347884
13.1968 0.00365525 0.000558621
13.9614 0.0057874 0.000383384
14.2917 0.00600012 0.000441525
15.2207 0.00621815 0.000492831
15.4063 0.00550847 0.000436542
15.6333 0.00544135 0.000497777
15.798 0.00411845 0.000399491
16.1899 0.0036479 0.000423045
17.0978 0.00286171 0.000274246
17.3038 0.00227337 0.000167288
17.5099 0.00191868 0.00018838
17.6127 0.00158071 0.000183301
17.8196 0.00198923 0.000217166
18.0252 0.00127085 0.00014737
